000000000113
000000000404
000000000629
000000000723
000000000797
000000001515
000000001697
000000001966
000000002232
000000002377
000000002742
000000002842
000000003160
000000003272
000000003348
000000004322
000000004673
000000004694
000000005099
000000005564
000000005678
000000006602
000000006664
000000006873
000000007150
000000007232
000000007544
000000007615
000000008504
000000008571
000000008872
000000009409
000000009615
000000009774
000000010472
000000010547
000000011282
000000011619
000000011818
000000012281
000000012472
000000012597
000000012902
000000013035
000000013198
000000013336
000000013517
000000013874
000000013900
000000013916
000000014128
000000014367
000000014662
000000014861
000000015963
000000016123
000000016359
000000016575
000000018078
000000018495
000000018641
000000019184
000000019202
000000019759
000000019905
000000020157
000000020184
000000020367
000000020398
000000020444
000000020768
000000021152
000000021718
000000021872
000000022014
000000022056
000000022298
000000022575
000000023368
000000024076
000000025723
000000025870
000000026362
000000026435
000000027293
000000027329
000000027792
000000027919
000000028314
000000028329
000000028525
000000029114
000000029402
000000029626
000000029817
000000030299
000000030303
000000030431
000000030492
000000030566
000000030910
000000031451
000000032093
000000032174
000000032244
000000033323
000000033721
000000033850
000000033912
000000034221
000000034235
000000034409
000000034683
000000035397
000000035670
000000036123
000000036864
000000037165
000000037205
000000038301
000000038396
000000038895
000000039456
000000039812
000000040380
000000040428
000000041377
000000041565
000000041630
000000042278
000000042931
000000043393
000000043601
000000043724
000000044404
000000044454
000000045004
000000045325
000000045360
000000047386
000000047391
000000047467
000000047700
000000048139
000000048181
000000048204
000000048256
000000048474
000000048491
000000048604
000000048867
000000049550
000000049603
000000049640
000000049738
000000050046
000000050462
000000050790
000000050910
000000051110
000000051396
000000051478
000000051630
000000051851
000000052957
000000053369
000000053756
000000053806
000000054294
000000054989
000000055184
000000055651
000000055966
000000056365
000000056980
000000057595
000000057731
000000058102
000000058171
000000058349
000000058677
000000058713
000000058792
000000059170
000000059174
000000059293
000000059406
000000059789
000000059843
000000059912
000000059985
000000060285
000000060993
000000061567
000000061626
000000061711
000000061865
000000062477
000000062547
000000062662
000000062872
000000062942
000000063209
000000063251
000000063492
000000063662
000000063777
000000063888
000000064005
000000064202
000000064314
000000065183
000000066283
000000067080
000000067407
000000067792
000000067798
000000067888
000000068041
000000069498
000000069514
000000069826
000000069878
000000069978
000000070298
000000070809
000000070829
000000070983
000000071347
000000071526
000000071796
000000071881
000000072463
000000072850
000000074088
000000074325
000000074429
000000074714
000000074917
000000075585
000000076308
000000076652
000000077383
000000077504
000000077842
000000077912
000000078274
000000078354
000000078604
000000078986
000000079193
000000079338
000000079471
000000079824
000000080311
000000080481
000000080788
000000080801
000000080982
000000081084
000000081116
000000081363
000000081811
000000081930
000000081966
000000082083
000000082091
000000082198
000000082759
000000083005
000000083090
000000083093
000000083252
000000083986
000000084278
000000084873
000000085019
000000085254
000000085579
000000085589
000000086139
000000086399
000000087091
000000087137
000000087219
000000087620
000000087629
000000088136
000000089087
000000089166
000000089212
000000089540
000000090444
000000091780
000000091902
000000092269
000000092288
000000092645
000000092721
000000093600
000000093838
000000093994
000000094059
000000094223
000000095100
000000095201
000000095224
000000095360
000000095509
000000095999
000000096046
000000096421
000000096573
000000096828
000000096901
000000096969
000000097431
000000098471
000000098772
000000098830
000000099063
000000099064
000000099170
000000099245
000000099252
000000099619
000000099844
000000099847
000000099988
000000100207
000000100253
000000100607
000000100722
000000101011
000000102225
000000102281
000000102473
000000102610
000000102863
000000103098
000000104051
000000104752
000000105200
000000105418
000000105561
000000105576
000000105600
000000106067
000000106387
000000106585
000000106874
000000106902
000000107188
000000107607
000000107884
000000107941
000000108123
000000108589
000000108697
000000109125
000000109169
000000109199
000000109513
000000109588
000000109774
000000109835
000000110058
000000110928
000000110937
000000111318
000000111388
000000111742
000000111930
000000112253
000000112622
000000112639
000000112807
000000112887
000000113077
000000113391
000000114732
000000114937
000000115642
000000116352
000000116462
000000116518
000000116944
000000117114
000000117229
000000117961
000000117965
000000118060
000000118889
000000119021
000000119169
000000119320
000000119353
000000119494
000000120537
000000120674
000000121032
000000121226
000000121328
000000121618
000000122259
000000123268
000000123306
000000123711
000000123791
000000123949
000000124106
000000124167
000000124580
000000124663
000000125377
000000125639
000000125672
000000126317
000000126352
000000126707
000000126856
000000126956
000000126978
000000127298
000000127726
000000128074
000000128136
000000128154
000000128385
000000128539
000000128682
000000128736
000000128912
000000129565
000000129879
000000130006
000000130132
000000130757
000000131485
000000131780
000000132298
000000132564
000000132574
000000133194
000000133229
000000133462
000000133722
000000134211
000000134378
000000135322
000000135420
000000135772
000000135965
000000136123
000000136233
000000136661
000000136721
000000136962
000000137212
000000137274
000000137339
000000137442
000000137609
000000138116
000000138270
000000138851
000000139492
000000139571
000000140053
000000140092
000000140438
000000140940
000000141200
000000141330
000000141873
000000141893
000000142100
000000142824
000000143383
000000143420
000000143453
000000143569
000000144036
000000144289
000000144330
000000144561
000000145113
000000145174
000000145767
000000146098
000000146646
000000147306
000000147635
000000147838
000000148373
000000148965
000000148986
000000148994
000000149036
000000149842
000000149896
000000150286
000000150385
000000150421
000000150614
000000150942
000000151722
000000151885
000000152015
000000152764
000000152942
000000153542
000000154443
000000154567
000000154659
000000154772
000000154972
000000155198
000000155498
000000155549
000000157266
000000157497
000000157502
000000157822
000000158140
000000158841
000000158897
000000159198
000000159356
000000159554
000000159656
000000160152
000000160415
000000160503
000000161051
000000161812
000000161814
000000163266
000000163283
000000163497
000000164183
000000164461
000000164569
000000165927
000000166310
000000166489
000000166674
000000166811
000000166853
000000167189
000000167746
000000167994
000000168329
000000168833
000000168852
000000168858
000000168932
000000169171
000000169192
000000169573
000000169845
000000170513
000000170695
000000170953
000000170999
000000171607
000000171785
000000171848
000000172264
000000172654
000000173056
000000173153
000000173491
000000173580
000000173607
000000173801
000000174028
000000175370
000000175830
000000176321
000000176720
000000176759
000000177115
000000177125
000000177160
000000177625
000000178770
000000179085
000000179164
000000179201
000000180067
000000180335
000000180466
000000180522
000000180818
000000181626
000000181649
000000181939
000000182516
000000182575
000000182861
000000182967
000000182997
000000183031
000000183123
000000183453
000000183642
000000183811
000000184159
000000184223
000000184320
000000184397
000000184816
000000185826
000000186099
000000187042
000000187071
000000187111
000000187474
000000187644
000000187986
000000188029
000000188229
000000188343
000000188845
000000188991
000000189052
000000189660
000000189701
000000189735
000000190167
000000190234
000000191242
000000191334
000000192436
000000192903
000000193342
000000193654
000000194000
000000195837
000000196619
000000196639
000000196747
000000197806
000000198622
000000198704
000000198856
000000199126
000000199732
000000199992
000000200155
000000200503
000000200764
000000201758
000000201862
000000202463
000000203036
000000203388
000000203809
000000203868
000000204489
000000204606
000000204732
000000204978
000000205299
000000205356
000000205559
000000205564
000000205689
000000206597
000000206889
000000207215
000000207236
000000207289
000000207597
000000207764
000000207915
000000208067
000000208243
000000208850
000000209113
000000209386
000000210189
000000210697
000000210744
000000210812
000000211451
000000211570
000000211963
000000212756
000000212903
000000213095
000000213215
000000213220
000000213393
000000213537
000000214008
000000214055
000000215224
000000215273
000000215732
000000216158
000000216686
000000216980
000000217322
000000218980
000000219196
000000219591
000000220113
000000220548
000000220751
000000221560
000000221665
000000221785
000000222371
000000222958
000000223030
000000223146
000000223154
000000223872
000000224776
000000225443
000000225543
000000225704
000000226246
000000226580
000000226681
000000226825
000000227241
000000227577
000000227651
000000227891
000000228029
000000228844
000000228881
000000229241
000000229312
000000229724
000000229856
000000229866
000000229919
000000230209
000000230490
000000231368
000000232490
000000233357
000000233399
000000233627
000000233948
000000234395
000000235110
000000235953
000000236015
000000236093
000000236354
000000236677
000000236792
000000236897
000000237186
000000237418
000000239307
000000239613
000000239957
000000240112
000000240240
000000242052
000000242096
000000242618
000000242739
000000242926
000000243016
000000243018
000000243895
000000243938
000000244000
000000244328
000000244504
000000244557
000000245757
000000245953
000000246137
000000246723
000000248005
000000248104
000000248744
000000248809
000000248839
000000249073
000000249128
000000249813
000000250196
000000250926
000000252604
000000252627
000000253109
000000253202
000000253416
000000253729
000000253805
000000253955
000000254476
000000254778
000000255317
000000255329
000000255402
000000256040
000000256098
000000256781
000000257044
000000257951
000000258006
000000259149
000000260040
000000260123
000000260135
000000260145
000000260292
000000260899
000000261829
000000261887
000000261977
000000262495
000000262683
000000262997
000000263002
000000263264
000000263265
000000263603
000000263623
000000263735
000000264495
000000264697
000000264868
000000265207
000000265553
000000266168
000000266274
000000266469
000000267556
000000267852
000000268577
000000269022
000000269718
000000269738
000000270247
000000270574
000000270873
000000271250
000000272651
000000273046
000000273175
000000273250
000000273358
000000274319
000000274667
000000275211
000000275625
000000275658
000000276597
000000277472
000000277524
000000277776
000000278240
000000279065
000000279066
000000279182
000000279503
000000280094
000000280254
000000280302
000000280469
000000281122
000000281194
000000281215
000000282142
000000282197
000000282221
000000282574
000000282803
000000282982
000000283059
000000283818
000000283875
000000284468
000000284814
000000284934
000000284940
000000285296
000000286645
000000287024
000000287372
000000287418
000000287782
000000287804
000000287870
000000287900
000000287962
000000288127
000000288246
000000288262
000000288504
000000288610
000000289833
000000290318
000000291484
000000291506
000000291550
000000291592
000000291625
000000291702
000000291780
000000292145
000000292243
000000292346
000000293074
000000293314
000000293900
000000294267
000000294421
000000294761
000000294900
000000295688
000000295940
000000296187
000000296573
000000296846
000000297990
000000298527
000000298588
000000299180
000000299346
000000299351
000000299974
000000300102
000000300284
000000300598
000000300815
000000300966
000000301114
000000301546
000000301727
000000301875
000000302289
000000302484
000000302569
000000302576
000000303010
000000303020
000000303144
000000303508
000000303872
000000304151
000000304221
000000304603
000000304849
000000304889
000000305170
000000305492
000000305549
000000306267
000000306671
000000307091
000000307686
000000308208
000000308257
000000308432
000000308433
000000308653
000000308758
000000308798
000000309003
000000309953
000000310181
000000310683
000000310878
000000311273
000000311354
000000311616
000000311953
000000312003
000000312154
000000312430
000000312494
000000312697
000000313186
000000313381
000000314130
000000314645
000000315476
000000317322
000000317495
000000317840
000000317848
000000318175
000000318937
000000319161
000000319542
000000319682
000000320594
000000320661
000000320770
000000320904
000000320947
000000321344
000000322091
000000322325
000000323028
000000323264
000000323478
000000323536
000000324334
000000325206
000000325487
000000325569
000000326527
000000326666
000000327088
000000328346
000000329001
000000329302
000000330677
000000330806
000000331264
000000332296
000000332411
000000332875
000000333492
000000333615
000000333684
000000334470
000000334473
000000334523
000000334594
000000334610
000000334742
000000334751
000000334803
000000334850
000000335131
000000335339
000000335459
000000335486
000000335688
000000336027
000000336107
000000336234
000000336811
000000337256
000000337433
000000337745
000000337882
000000338363
000000338438
000000338475
000000338704
000000339244
000000339382
000000339446
000000339690
000000340065
000000340333
000000340345
000000340561
000000341241
000000341534
000000341546
000000341886
000000343135
000000343905
000000344629
000000345152
000000345167
000000345212
000000345839
000000346890
000000347019
000000347128
000000347990
000000348277
000000348639
000000349140
000000349609
000000349827
000000349974
000000350008
000000350254
000000350303
000000350854
000000351004
000000351262
000000351966
000000352125
000000352252
000000352829
000000352861
000000353893
000000354445
000000354695
000000354726
000000354936
000000355594
000000356384
000000357700
000000357759
000000358484
000000358486
000000358534
000000358674
000000358890
000000358970
000000359340
000000359568
000000359984
000000360236
000000360424
000000360525
000000360630
000000361469
000000361895
000000362035
000000362046
000000362067
000000362152
000000362175
000000362367
000000362371
000000362509
000000363028
000000363326
000000363752
000000363786
000000363806
000000363951
000000363956
000000364064
000000364176
000000365082
000000365470
000000366030
000000366136
000000366577
000000367425
000000367615
000000367630
000000367772
000000367919
000000368044
000000368438
000000368706
000000368956
000000369792
000000369796
000000369931
000000369941
000000370391
000000370505
000000371402
000000371484
000000371839
000000371977
000000372198
000000372671
000000372868
000000373223
000000373401
000000373648
000000373776
000000373821
000000373847
000000374371
000000375580
000000376269
000000376283
000000376315
000000376701
000000377007
000000377208
000000377598
000000378039
000000378747
000000379405
000000379448
000000379865
000000380182
000000380301
000000380591
000000381595
000000381758
000000382706
000000383205
000000383210
000000383699
000000383787
000000383828
000000383985
000000384346
000000384836
000000384874
000000384875
000000384924
000000385612
000000385709
000000386043
000000386080
000000386203
000000386669
000000386934
000000387153
000000387599
000000388726
000000388965
000000389002
000000389065
000000389677
000000389681
000000389946
000000391074
000000391235
000000392666
000000392796
000000392949
000000393016
000000393379
000000393730
000000394126
000000394271
000000394970
000000394972
000000395022
000000395171
000000395216
000000395766
000000395791
000000396030
000000397254
000000397379
000000397455
000000397543
000000397777
000000398393
000000398674
000000399183
000000399220
000000399250
000000399354
000000399476
000000399837
000000399939
000000400409
000000400619
000000400722
000000400726
000000400752
000000401067
000000402249
000000402451
000000402569
000000403162
000000403225
000000403677
000000403981
000000405013
000000405499
000000406263
000000406710
000000407808
000000407899
000000408016
000000408041
000000408537
000000408571
000000409678
000000409700
000000410061
000000410845
000000410946
000000411142
000000411478
000000411814
000000412371
000000412698
000000413676
000000413719
000000413892
000000414607
000000415054
000000415901
000000415912
000000416281
000000416386
000000416604
000000416771
000000417549
000000417595
000000417832
000000418517
000000418805
000000419284
000000419410
000000419489
000000419904
000000419994
000000420403
000000420634
000000420859
000000421321
000000421322
000000421406
000000421763
000000421777
000000421903
000000422117
000000422161
000000422268
000000422389
000000422603
000000423023
000000423332
000000423412
000000423425
000000423834
000000423921
000000424278
000000424604
000000425131
000000425135
000000425461
000000426022
000000426348
000000426595
000000428029
000000428266
000000428683
000000429215
000000429433
000000429591
000000429727
000000429865
000000430148
000000430285
000000430530
000000431043
000000431062
000000431146
000000431184
000000431312
000000431342
000000431494
000000431943
000000432307
000000432849
000000433305
000000433435
000000434039
000000434377
000000435145
000000435328
000000435458
000000435573
000000435690
000000435855
000000436246
000000436302
000000436394
000000436538
000000436647
000000436843
000000437446
000000437543
000000437632
000000437892
000000437938
000000438590
000000438805
000000439126
000000439356
000000440262
000000440273
000000440625
000000440735
000000441045
000000441385
000000441462
000000441720
000000441734
000000441900
000000442554
000000442600
000000442888
000000443177
000000443604
000000443964
000000444269
000000444312
000000444546
000000444880
000000445076
000000445080
000000445105
000000445454
000000446328
000000446526
000000447457
000000447689
000000447741
000000447830
000000447840
000000448069
000000448105
000000448723
000000448842
000000449845
000000449901
000000450102
000000450194
000000450318
000000451341
000000451597
000000451843
000000452912
000000453037
000000453885
000000453998
000000454951
000000455302
000000455333
000000455370
000000455756
000000455758
000000455860
000000456068
000000456091
000000456224
000000456705
000000456863
000000457095
000000457219
000000457474
000000457503
000000458420
000000458594
000000459203
000000459263
000000459978
000000460055
000000460168
000000460343
000000460446
000000460872
000000462383
000000462553
000000462577
000000462676
000000462770
000000462849
000000462997
000000463024
000000463101
000000464329
000000465138
000000466202
000000466294
000000467154
000000467645
000000468836
000000469010
000000469173
000000469475
000000469743
000000469798
000000469838
000000470055
000000470068
000000470267
000000470414
000000471153
000000471191
000000471453
000000471915
000000472097
000000472234
000000472344
000000473741
000000474062
000000474330
000000474847
000000474963
000000474969
000000475319
000000475669
000000475915
000000476170
000000477106
000000477230
000000477243
000000477800
000000478090
000000478306
000000478475
000000478985
000000479372
000000479550
000000480136
000000480502
000000480532
000000480661
000000480773
000000480940
000000481609
000000481678
000000482161
000000482202
000000482330
000000482409
000000482624
000000483794
000000484206
000000484355
000000485239
000000485310
000000485875
000000486391
000000486630
000000486807
000000487399
000000487401
000000487409
000000487568
000000487589
000000488032
000000488303
000000488432
000000488897
000000489052
000000490035
000000490361
000000490689
000000490712
000000491084
000000491204
000000491273
000000491554
000000491801
000000491959
000000492293
000000492519
000000492692
000000493056
000000493439
000000493505
000000493792
000000493996
000000494079
000000494175
000000494706
000000495233
000000495860
000000495931
000000496078
000000496932
000000497119
000000498152
000000498241
000000498438
000000498644
000000499931
000000499958
000000500226
000000500321
000000501677
000000502554
000000502712
000000503059
000000503441
000000503535
000000503957
000000504037
000000504108
000000504502
000000504974
000000505160
000000505507
000000505708
000000506640
000000506927
000000507248
000000508311
000000508750
000000508814
000000509419
000000509553
000000509764
000000510087
000000510665
000000510730
000000510883
000000510899
000000511224
000000511328
000000511358
000000511550
000000511693
000000511751
000000511786
000000511963
000000512123
000000512547
000000513127
000000513805
000000514131
000000514318
000000514528
000000514662
000000515195
000000516432
000000516771
000000516914
000000516986
000000517026
000000517161
000000517246
000000517276
000000518198
000000518303
000000518522
000000518730
000000518918
000000519053
000000519490
000000519715
000000520091
000000520112
000000520434
000000520515
000000521649
000000522416
000000522803
000000522958
000000523186
000000523964
000000524062
000000524168
000000524340
000000524651
000000524709
000000524927
000000525124
000000525179
000000525851
000000525891
000000526029
000000526042
000000526568
000000526850
000000526927
000000527184
000000528154
000000528562
000000528796
000000528992
000000529866
000000530064
000000530293
000000530447
000000530726
000000530863
000000531481
000000531614
000000531873
000000531963
000000532128
000000532194
000000532799
000000533394
000000533568
000000534980
000000535340
000000535468
000000536363
000000536619
000000537291
000000537687
000000538108
000000538164
000000538308
000000538349
000000538368
000000538435
000000538737
000000538944
000000539475
000000539676
000000539754
000000540210
000000541251
000000541570
000000541856
000000541911
000000542391
000000543254
000000543618
000000543747
000000543803
000000543838
000000544606
000000545016
000000545285
000000545791
000000546065
000000546179
000000546401
000000546575
000000547044
000000547247
000000547369
000000547960
000000548416
000000548451
000000548958
000000549849
000000549866
000000550333
000000550540
000000550745
000000550845
000000550875
000000551050
000000551099
000000551125
000000551305
000000551802
000000551931
000000552167
000000552685
000000552723
000000552740
000000552938
000000552961
000000553488
000000553640
000000553984
000000554066
000000554207
000000554398
000000555654
000000556391
000000558634
000000561352
000000561390
000000561677
000000561756
000000562162
000000562679
000000563061
000000563659
000000563764
000000564552
000000564609
000000564680
000000564884
000000564983
000000565004
000000565886
000000566336
000000567076
000000567173
000000567530
000000568050
000000568507
000000569203
000000569511
000000570225
000000570856
000000570945
000000571146
000000571431
000000572245
000000572572
000000572717
000000573044
000000573063
000000573125
000000573620
000000573762
000000575249
000000575280
000000575483
000000575717
000000575961
000000576855
000000577766
000000578714
000000578819
000000578884
000000579260
000000579395
000000579631
000000579883
000000580466
000000580609
