000000000909
000000000260
000000001155
000000001522
000000000795
000000000581
000000001053
000000001697
000000000562
000000001308
000000000049
000000001408
000000001737
000000000977
000000001488
000000000643
000000001306
000000001102
000000000514
000000001397
000000001586
000000000941
000000001596
000000001639
000000001720
000000001569
000000000925
000000001681
000000000813
000000000797
000000001168
000000001562
000000000723
000000000735
000000001216
000000000801
000000001111
000000001298
000000000431
000000001611
000000001622
000000000943
000000001375
000000000490
000000001774
000000001139
000000001712
000000001431
000000001332
000000001472
000000001625
000000001107
000000001122
000000000597
000000000250
000000001497
000000001579
000000000790
000000001548
000000000714
000000001453
000000000560
000000000247
000000001238
000000001637
000000000077
000000000491
000000001401
000000001781
000000001282
000000001407
000000001366
000000000109
000000000508
000000001501
000000001785
000000001515
000000001455
000000001224
000000001359
000000001166
000000001764
000000001451
000000000113
000000001505
000000001771
