000000001108
000000000394
000000000529
000000000078
000000001431
000000000531
000000001307
000000001311
000000000144
000000001355
000000001264
000000001403
000000000684
000000000671
000000000532
000000001232
000000000149
000000000309
000000000154
000000001072
000000001732
000000000722
000000001548
000000000781
000000000034
000000001611
000000000753
000000001712
000000000201
000000000071
000000000165
000000001084
000000000762
000000000650
000000001756
000000001670
000000000151
000000001319
000000000656
000000000716
000000000384
000000001737
000000001762
000000000094
000000000584
000000000081
000000000595
000000000572
000000000897
000000000315
000000000446
000000000825
000000001674
000000000061
000000000368
000000000908
000000001586
000000000927
000000000629
000000001330
000000000404
000000001315
000000000419
000000001224
000000000312
000000001213
000000000955
000000000821
000000001323
000000000706
000000001501
000000000321
000000000092
000000001359
000000000009
000000001526
000000001397
000000000605
000000001261
000000000471
000000000901
000000001580
000000001090
000000001014
000000001204
000000001453
000000001781
000000000030
000000000542
000000000382
000000000612
000000000853
000000000984
000000000142
000000001515
000000001360
000000000575
000000000370
000000001025
000000000960
000000000673
000000001496
000000000681
000000001144
000000001488
000000001505
000000001771
000000001381
000000001639
000000000620
000000001536
000000000965
000000001099
000000001637
000000001183
000000001720
000000000690
000000001451
000000000540
000000001386
000000001706
000000000996
000000000510
000000001216
000000000436
000000000086
000000000754
000000000982
000000001709
000000001589
000000000349
000000001424
000000000443
000000000934
000000001145
000000000659
000000001777
000000000326
000000000263
000000000389
000000001298
000000001518
000000000308
000000001785
000000000828
000000000089
000000001011
000000001059
000000000839
000000001523
000000000634
000000001688
000000000127
000000000307
000000001507
000000001390
000000000625
000000001006
000000001408
000000001375
000000000064
000000001558
000000000072
000000000110
000000001237
000000000731
000000000882
000000001645
000000000438
000000001295
000000001098
000000000450
000000000322
000000000194
000000001510
000000001527
000000001308
000000001271
000000001407
000000001350
000000001200
000000001392
000000000913
000000001139
000000000025
000000000036
000000000670
000000001085
000000001036
000000000902
000000000332
000000001282
000000000138
